80000780000
80000790000
80000800000
80000800100
80000830000
80000840100
80000850000
80000860000
80000870000
80000880000
80000890000
80000890100
80000890101
80000890200
80000890300
80000900000
80000910000
80000920000
80000920100
80000930000
80000940000
80000940100
80000940200
80000950000
80000950100
80000950200
80000970000
80000980000
80000990000
80000990100
80000990200
80000990300
80001010000
80001030000
80001040000
80001040101
80001040102
80001040200
80001040700
80001060000
80001060200
80001060300
80001060400
80001070000
80001080000
80001080100
80001080102
80001080103
80001100000
80001110000
80001120100
80001130000
80001140000
80001140200
80001140300
80001140400
80001150000
80001150300
80001150400
80001160000
80001160100
80001170000
80001190000
80001200000
80001200100
80001200400
80001210100
80001210200
80001210300
80001220000
80001240000
80001250100
80001250200
80001280000
80001290200
80001290300
80001300000
80001330100
80001330200
80001340000
80001340100
80001350000
80001370000
80001380000
80001390100
80001390200
80001400000
80001410000
80001450000
80001470000
80001500101
80001500102
80001500103
80001530100
80001550000
80001560000
80001570000
80001590000
80001600000
80001620000
80001640000
80001650000
80001660000
80001670000
80001680000
80001690000
80001700000
80001710000
80001720000
80001730000
80001730200
80001730300
80001730400
80001730403
80001730600
80001730800
80001740000
80001750000
80001760000
80001760100
80001770000
80001780000
80001790000
80001800000
80001810000
80001810100
80001850000
80001860000
80001860100
80001870000
80001880000
80001880100
80001880200
80001880400
80001890000
80001890100
80001910000
80001920000
80001940000
80001950000
80001950100
80001960000
80001970000
80001970100
80001970200
80001970300
80001970301
80001970400
80001970500
80001970700
80001990000
80002010000
80002020000
80002030000
80002030200
80002040000
80002040100
80002050000
80002060000
80002070000
80002080200
80002080300
80002080400
80002080500
80002080600
80002080601
80002090000
80002100000
80002110000
80002110100
80002110200
80002120000
80002130000
80002130100
80002130200
80002130300
80002130400
80002140000
80002150000
80002150100
80002150102
80002150200
80002160000
80002170000
80002170100
80002170200
80002170400
80002170500
80002180000
80002190100
80002190200
80002200000
80002220000
80002230000
80002240000
80002250000
80002260000
80002270000
80002280000
80002290000
80002320100
80002330000
80002330100
80002330200
80002330201
80002330300
80002330301
80002330302
80002330400
80002330500
80002330600
80002330700
80002340000
80002370000
80002380000
80002390000
80002400000
80002420200
80002420300
80002430100
80002440000
80002450000
80002470000
80002480000
80002490000
80002510000
80002520000
80002540000
80002550000
80002560000
80002570000
80002580000
80002600000
80002610301
80002610401
80002630000
80002640200
80002640300
80002660000
80002680000
80002690000
80002700000
80002700300
80002700500
80002710000
80002720000
80002730000
80002760000
80002770000
80002790100
80002790200
80002790300
80002790400
80002800000
80002800100
80002800101
80002800500
80002800700
80002800800
80002810000
80002820000
80002840000
80002860000
80002870000
80002890000
80002900000
80002900100
80002910000
80002930000
80002930100
80002950000
80002960000
80002970000
80003010000
80003020000
80003040000
80003040100
80003060000
80003070000
80003070100
80003080000
80003090000
80003100000
80003110000
80003130000
80003150000
80003160000
80003170000
80003170100
80003170101
80003170200
80003170201
80003170300
80003180000
80003200100
80003200101
80003200102
80003200103
80003200201
80003200202
80003200203
80003200205
80003210000
80003210100
80003220000
80003230000
80003240000
80003250000
80003260000
80003260100
80003270000
80003270100
80003270200
80003280000
80003290000
80003300000
80003300100
80003300200
80003300300
80003310000
80003320000
80003330000
80003350000
80003360000
80003360100
80003370000
80003370100
80003380100
80003390000
80003390100
80003400000
80003410000
80003410100
80003430000
80003430100
80003430101
80003430200
80003440000
80003460000
80003480000
80003480200
80003490000
80003490100
80003490201
80003490300
80003490400
80003490500
80003490600
80003500000
80003530000
80003530100
80003530200
80003530300
80003530400
80003530401
80003530402
80003530600
80003530601
80003530602
80003530800
80003531000
80003531100
80003531200
80003531300
80003540100
80003580101
80003580102
80003580200
80003580300
80003580400
80003580500
80003580600
80003580700
80003580800
80003580900
80003581000
80003581100
80003581200
80003581500
80003581600
80003590000
80003610000
80003620000
80003630000
80003640000
80003640100
80003640200
80003640201
80003640202
80003650000
80003650100
80003660000
80003680000
80003680100
80003680101
80003690000
80003700000
80003720000
80003730000
80003740000
80003760000
80003760100
80003760200
80003770000
80003790000
80003800000
80003810000
80003820000
80003830000
80003860000
80003870000
80003890000
80003900000
80003910100
80003910200
80003950000
80003960000
80003970000
80003990000
80004000000
80004010000
80004020000
80004020100
80004020200
80004030000
80004030100
80004040000
80004040100
80004040200
80004040300
80004040400
80004040500
80004050000
80004060000
80004080000
80004090000
80004100000
80004140000
80004160000
80004170000
80004180000
80004200000
80004210000
80004220000
80004230000
80004230100
80004230101
80004230102
80004230103
80004230104
80004230200
80004230300
80004230400
80004230500
80004230600
80004240000
80004250000
80004260000
80004280000
80004300000
80004310000
80004330000
80004330100
80004330200
80004330300
80004330400
80004330500
80004330700
80004330900
80004331200
80004331300
80004331400
80004331500
80004331600
80004331700
80004331900
80004332000
80004332200
80004332400
80004332500
80004332600
80004332700
80004360000
80004360100
80004400000
80004410000
80004420000
80004430000
80004440000
80004440100
80004450100
80004460000
80004470000
80004480000
80004480100
80004480200
80004490000
80004490100
80004500500
80004510300
80004510500
80004510700
80004510800
80004511100
80004511200
80004511300
80004511400
80004520000
80004530000
80004530200
80004530201
80004540200
80004540400
80004540500
80004540600
80004540601
80004540800
80004541000
80004550100
80004550200
80004560000
80004560100
80004560101
80004580000
80004590202
80004610000
80004630000
80004650000
80004660000
80004680000
80004690000
80004720000
80004750000
80004810000
80004820000
80004830000
80004890000
80004900000
80004910000
80004920000
80004930000
80004940000
80004950000
80004960000
80004970000
80004980000
80004990000
80005000000
80005010000
80005020000
80005030000
80005040000
80005060000
80005080000
80005090000
80005100000
80005110000
80005120000
80005130000
80005150000
80005160000
80005170000
80005180000
80005190000
80005200000
80005210000
80005220000
80005230000
80005240000
80005250000
80005280000
80005290000
80005300000
80005310000
80005320000
80005360000
80005370000
80005380000
80005400000
80005410000
80005420000
80005450000
80005500000
80005510000
80080010000
80080030000
80080040000
80080060000
80080210000
90000010000
90000010100
90000010200
90000010301
90000050000
90000070000
90000070100
90000070300
90000070301
90000070400
90000070500
90000070600
90000080000
90000090000
90000100000
90000120000
90000130000
90000140000
90000150000
90000160000
90000160100
90000160200
90000170000
90000180000
90000190000
90000200000
90000220000
90000230100
90000230200
90000230300
90000230400
90000240000
90000260000
90000260100
90000270000
90000290000
90000290100
90000300000
90000350000
90000350100
90000360000
90000370000
90000390000
90000400000
90000410000
90000420000
90000420100
90000420200
90000430000
90000440000
90000450100
90000450200
90000460000
90000490000
90000490100
90000490200
90000510100
90000510200
90000530000
90000540000
90000540100
90000550000
90000560000
90000570000
90000570100
90000580000
90000590000
90000600000
90000600100
90000620000
90000640000
90000660000
90000690000
90000700000
90000710000
90000710200
90000710300
90000720000
90000730000
90000730100
90000750000
90000760000
90080000000
90080010000
90080060000
90080180000
