973512100007 
973531400007 
973532100006 
973523100001 
973523100002 
973523100003 
973523100004 
973615301026 
973602200006 
973703200005 
973826400009 
963706200012 
963617400006 
963530100001 
963510300003 
953519200003 
953519200005 
953519200010 
953519200012 
953510200005 
953525200005 
953634200006 
953809300010 
943836300001 
943836300003 
943836300005 
943836300006 
943836300007 
943836300008 
943836400005 
943836400007 
943836400010 
943810200003 
943810200004 
943707100006 
943619403019 
943619403023 
943616400004 
943536400009 
943536400012 
943509200007 
943532400005 
943520300006 
943520300007 
943529100012 
943529200001 
943516400001 
963518177004 
963518403009 
963804432002 
963803303005 
963803309007 
963803354012 
963803384012 
963804430003 
963804429015 
963803382001 
963803311003 
963804431003 
963803311005 
973701478002 
973712276003 
973712277006 
953625277005 
953625429001 
953625479003 
953625434006 
953625434004 
953625433003 
953625432002 
953625433005 
953625477001 
953625478001 
953630339005 
953630338001 
943833332001 
943833327001 
943833327002 
943833402002 
943833255006 
943833152007 
943833181010 
943833180009 
943833157024 
943833326007 
943833156002 
943833183010 
943833183011 
943833183012 
953726355004 
953726357004 
953812153005 
953812158006 
953812181002 
953812177014 
953812179005 
963618451012 
963712458006 
963618106004 
963712479015 
963607411005 
963618452022 
963607139008 
963712457009 
963607258002 
963607255013 
963607308006 
963607390007 
963607390013 
963607390014 
963618252030 
963618252031 
963607254013 
963607413009 
963607435018 
963618204016 
963712428021 
963607128009 
963607133016 
963607259011 
963607308005 
963618177010 
963618376005 
963712483009 
963711432002 
963618103001 
963607282007 
963607310001 
963606454019 
963607179008 
963607234011 
963618209001 
963618209012 
963607176001 
963607233005 
963619129001 
963619129002 
963619129003 
963619129004 
963607456003 
963607251005 
963618107002 
963618107003 
963618452011 
963607105014 
963618107007 
963607255006 
963712482024 
963607156011 
963618303025 
963618403022 
963606477003 
963618351020 
963712378008 
963607331003 
963607456007 
963618376002 
963618376001 
963618202018 
963607307005 
963618301021 
963618451010 
963618207015 
963607355009 
963607151008 
963607308001 
963607412005 
963712252001 
963607254005 
963619128002 
963712454010 
963711334004 
963618205005 
963618108012 
963712277002 
963712456008 
963712483008 
963607142013 
963607155007 
963607177006 
963607252010 
963618202021 
963607281013 
963618301010 
963618103003 
963618402006 
963618402034 
963618402038 
963618402040 
963618402041 
963618451001 
963711431003 
963607428005 
963618207014 
963607353013 
963606351004 
963618138009 
963607478004 
963607480020 
963606353004 
963618379022 
963607480023 
963607336011 
963607415014 
963606126004 
963608353008 
963618131006 
963618129004 
963618128004 
963618128005 
963619151006 
963619151003 
963724128007 
963619151010 
963713451004 
963619126028 
943520155011 
943519279010 
943520156012 
943520151003 
943520155009 
963518402011 
963803382025 
953630337004 
963618252028 
963618226028 
